0.00033744
0.00062496
0.00076872
0.000854976
0.00091248
0.000953554285714
0.00098436
0.00100832
0.001027488
0.00104317090909
0.00105624
0.00106729846154
0.00107677714286
0.001084992
0.00109218
0.00109852235294
0.00110416
0.00110920421053
0.001113744
0.00111785142857
0.00112158545455
0.00112499478261
0.00112812
0.0011309952
0.00113364923077
0.00113610666667
0.00113838857143
0.00114051310345
0.001142496
0.00114435096774
0.00114609
0.00114772363636
0.00114926117647
0.00115071085714
0.00115208
0.00115337513514
0.00115460210526
0.00115576615385
0.001156872
0.00115792390244
0.00115892571429
0.00115988093023
0.00116079272727
0.001161664
0.0011624973913
0.00116329531915
0.00116406
0.00116479346939
0.0011654976
0.00116617411765
0.00116682461538
0.00116745056604
0.00116805333333
0.00116863418182
0.00116919428571
0.00116973473684
0.00117025655172
0.00117076067797
0.001171248
0.00117171934426
0.00117217548387
0.00117261714286
0.001173045
0.00117345969231
0.00117386181818
0.0011742519403
0.00117463058824
0.00117499826087
0.00117535542857
0.00117570253521
0.00117604
0.00117636821918
0.00117668756757
0.0011769984
0.00117730105263
0.00117759584416
0.00117788307692
0.00117816303797
0.001178436
0.00117870222222
0.00117896195122
0.00117921542169
0.00117946285714
0.00117970447059
0.00117994046512
0.00118017103448
0.00118039636364
0.00118061662921
0.001180832
0.00118104263736
0.00118124869565
0.00118145032258
0.00118164765957
0.00118184084211
0.00118203
0.00118221525773
0.00118239673469
0.00118257454545
0.0011827488
0.00118291960396
0.00118308705882
0.00118325126214
0.00118341230769
0.00118357028571
0.00118372528302
0.00118387738318
0.00118402666667
0.00118417321101
0.00118431709091
0.00118445837838
0.00118459714286
0.00118473345133
0.00118486736842
0.00118499895652
0.00118512827586
0.00118525538462
0.00118538033898
0.00118550319328
0.001185624
0.00118574280992
0.00118585967213
0.00118597463415
0.00118608774194
0.00118619904
0.00118630857143
0.00118641637795
0.0011865225
0.00118662697674
0.00118672984615
0.00118683114504
0.00118693090909
0.00118702917293
0.00118712597015
0.00118722133333
0.00118731529412
0.00118740788321
0.00118749913043
0.00118758906475
0.00118767771429
0.00118776510638
0.00118785126761
0.00118793622378
0.00118802
0.00118810262069
0.00118818410959
0.0011882644898
0.00118834378378
0.00118842201342
0.0011884992
0.00118857536424
0.00118865052632
0.00118872470588
0.00118879792208
0.00118887019355
0.00118894153846
0.00118901197452
0.00118908151899
0.00118915018868
0.001189218
0.00118928496894
0.00118935111111
0.00118941644172
0.00118948097561
0.00118954472727
0.00118960771084
0.00118966994012
0.00118973142857
0.00118979218935
0.00118985223529
0.00118991157895
0.00118997023256
0.00119002820809
0.00119008551724
0.00119014217143
0.00119019818182
0.00119025355932
0.00119030831461
0.0011903624581
0.001190416
0.00119046895028
0.00119052131868
0.00119057311475
0.00119062434783
0.00119067502703
0.00119072516129
0.00119077475936
0.00119082382979
0.00119087238095
0.00119092042105
0.00119096795812
0.001191015
0.0011910615544
0.00119110762887
0.00119115323077
0.00119119836735
0.00119124304569
0.00119128727273
0.00119133105528
0.0011913744
0.00119141731343
0.00119145980198
0.00119150187192
0.00119154352941
0.00119158478049
0.00119162563107
0.00119166608696
0.00119170615385
0.00119174583732
0.00119178514286
0.00119182407583
0.00119186264151
0.00119190084507
0.00119193869159
0.00119197618605
0.00119201333333
0.00119205013825
0.0011920866055
0.00119212273973
0.00119215854545
0.00119219402715
0.00119222918919
0.00119226403587
0.00119229857143
0.0011923328
0.00119236672566
0.00119240035242
0.00119243368421
0.00119246672489
0.00119249947826
0.00119253194805
0.00119256413793
0.0011925960515
0.00119262769231
0.00119265906383
0.00119269016949
0.00119272101266
0.00119275159664
0.00119278192469
0.001192812
0.00119284182573
0.00119287140496
0.00119290074074
0.00119292983607
0.00119295869388
0.00119298731707
0.0011930157085
0.00119304387097
0.00119307180723
0.00119309952
0.00119312701195
0.00119315428571
0.00119318134387
0.00119320818898
0.00119323482353
0.00119326125
0.00119328747082
0.00119331348837
0.00119333930502
0.00119336492308
0.00119339034483
0.00119341557252
0.00119344060837
0.00119346545455
0.00119349011321
0.00119351458647
0.0011935388764
0.00119356298507
0.0011935869145
0.00119361066667
0.00119363424354
0.00119365764706
0.00119368087912
0.00119370394161
0.00119372683636
0.00119374956522
0.00119377212996
0.00119379453237
0.00119381677419
0.00119383885714
0.00119386078292
0.00119388255319
0.00119390416961
0.0011939256338
0.00119394694737
0.00119396811189
0.00119398912892
0.00119401
0.00119403072664
0.00119405131034
0.00119407175258
0.00119409205479
0.00119411221843
0.0011941322449
0.00119415213559
0.00119417189189
0.00119419151515
0.00119421100671
0.00119423036789
0.0011942496
0.00119426870432
0.00119428768212
0.00119430653465
0.00119432526316
0.00119434386885
0.00119436235294
0.00119438071661
0.00119439896104
0.00119441708738
0.00119443509677
0.00119445299035
0.00119447076923
0.0011944884345
0.00119450598726
0.00119452342857
0.00119454075949
0.00119455798107
0.00119457509434
0.00119459210031
0.001194609
0.00119462579439
0.00119464248447
0.00119465907121
0.00119467555556
0.00119469193846
0.00119470822086
0.00119472440367
0.0011947404878
0.00119475647416
0.00119477236364
0.0011947881571
0.00119480385542
0.00119481945946
0.00119483497006
0.00119485038806
0.00119486571429
0.00119488094955
0.00119489609467
0.00119491115044
0.00119492611765
0.00119494099707
0.00119495578947
0.00119497049563
0.00119498511628
0.00119499965217
0.00119501410405
0.00119502847262
0.00119504275862
0.00119505696275
0.00119507108571
0.00119508512821
0.00119509909091
0.0011951129745
0.00119512677966
0.00119514050704
0.0011951541573
0.00119516773109
0.00119518122905
0.00119519465181
0.001195208
0.00119522127424
0.00119523447514
0.00119524760331
0.00119526065934
0.00119527364384
0.00119528655738
0.00119529940054
0.00119531217391
0.00119532487805
0.00119533751351
0.00119535008086
0.00119536258065
0.0011953750134
0.00119538737968
0.00119539968
0.00119541191489
0.00119542408488
0.00119543619048
0.00119544823219
0.00119546021053
0.00119547212598
0.00119548397906
0.00119549577023
0.0011955075
0.00119551916883
0.0011955307772
0.00119554232558
0.00119555381443
0.00119556524422
0.00119557661538
0.00119558792839
0.00119559918367
0.00119561038168
0.00119562152284
0.00119563260759
0.00119564363636
0.00119565460957
0.00119566552764
0.00119567639098
0.0011956872
0.00119569795511
0.00119570865672
0.00119571930521
0.00119572990099
0.00119574044444
0.00119575093596
0.00119576137592
0.00119577176471
0.00119578210269
0.00119579239024
0.00119580262774
0.00119581281553
0.001195822954
0.00119583304348
0.00119584308434
0.00119585307692
0.00119586302158
0.00119587291866
0.0011958827685
0.00119589257143
0.00119590232779
0.00119591203791
0.00119592170213
0.00119593132075
0.00119594089412
0.00119595042254
0.00119595990632
0.00119596934579
0.00119597874126
0.00119598809302
0.00119599740139
0.00119600666667
0.00119601588915
0.00119602506912
0.0011960342069
0.00119604330275
0.00119605235698
0.00119606136986
0.00119607034169
0.00119607927273
0.00119608816327
0.00119609701357
0.00119610582393
0.00119611459459
0.00119612332584
0.00119613201794
0.00119614067114
0.00119614928571
0.00119615786192
0.0011961664
0.00119617490022
0.00119618336283
0.00119619178808
0.00119620017621
0.00119620852747
0.00119621684211
0.00119622512035
0.00119623336245
0.00119624156863
0.00119624973913
0.00119625787419
0.00119626597403
0.00119627403888
0.00119628206897
0.00119629006452
0.00119629802575
0.00119630595289
0.00119631384615
0.00119632170576
0.00119632953191
0.00119633732484
0.00119634508475
0.00119635281184
0.00119636050633
0.00119636816842
0.00119637579832
0.00119638339623
0.00119639096234
0.00119639849687
0.001196406
0.00119641347193
0.00119642091286
0.00119642832298
0.00119643570248
0.00119644305155
0.00119645037037
0.00119645765914
0.00119646491803
0.00119647214724
0.00119647934694
0.00119648651731
0.00119649365854
0.00119650077079
0.00119650785425
0.00119651490909
0.00119652193548
0.0011965289336
0.00119653590361
0.00119654284569
0.00119654976
0.00119655664671
0.00119656350598
0.00119657033797
0.00119657714286
0.00119658392079
0.00119659067194
0.00119659739645
0.00119660409449
0.00119661076621
0.00119661741176
0.00119662403131
0.001196630625
0.00119663719298
0.00119664373541
0.00119665025243
0.00119665674419
0.00119666321083
0.00119666965251
0.00119667606936
0.00119668246154
0.00119668882917
0.00119669517241
0.0011967014914
0.00119670778626
0.00119671405714
0.00119672030418
0.00119672652751
0.00119673272727
0.00119673890359
0.0011967450566
0.00119675118644
0.00119675729323
0.00119676337711
0.0011967694382
0.00119677547664
0.00119678149254
0.00119678748603
0.00119679345725
0.00119679940631
0.00119680533333
0.00119681123845
0.00119681712177
0.00119682298343
0.00119682882353
0.0011968346422
0.00119684043956
0.00119684621572
0.0011968519708
0.00119685770492
0.00119686341818
0.00119686911071
0.00119687478261
0.001196880434
0.00119688606498
0.00119689167568
0.00119689726619
0.00119690283662
0.0011969083871
0.00119691391771
0.00119691942857
0.00119692491979
0.00119693039146
0.00119693584369
0.0011969412766
0.00119694669027
0.00119695208481
0.00119695746032
0.0011969628169
0.00119696815466
0.00119697347368
0.00119697877408
0.00119698405594
0.00119698931937
0.00119699456446
0.0011969997913
0.001197005
0.00119701019064
0.00119701536332
0.00119702051813
0.00119702565517
0.00119703077453
0.00119703587629
0.00119704096055
0.0011970460274
0.00119705107692
0.00119705610922
0.00119706112436
0.00119706612245
0.00119707110357
0.0011970760678
0.00119708101523
0.00119708594595
0.00119709086003
0.00119709575758
0.00119710063866
0.00119710550336
0.00119711035176
0.00119711518395
0.00119712
0.0011971248
0.00119712958403
0.00119713435216
0.00119713910448
0.00119714384106
0.00119714856198
0.00119715326733
0.00119715795717
0.00119716263158
0.00119716729064
0.00119717193443
0.00119717656301
0.00119718117647
0.00119718577488
0.00119719035831
0.00119719492683
0.00119719948052
0.00119720401945
0.00119720854369
0.00119721305331
0.00119721754839
0.00119722202899
0.00119722649518
0.00119723094703
0.00119723538462
0.001197239808
0.00119724421725
0.00119724861244
0.00119725299363
0.00119725736089
0.00119726171429
0.00119726605388
0.00119727037975
0.00119727469194
0.00119727899054
0.00119728327559
0.00119728754717
0.00119729180534
0.00119729605016
0.00119730028169
0.0011973045
0.00119730870515
0.0011973128972
0.00119731707621
0.00119732124224
0.00119732539535
0.0011973295356
0.00119733366306
0.00119733777778
0.00119734187982
0.00119734596923
0.00119735004608
0.00119735411043
0.00119735816233
0.00119736220183
0.00119736622901
0.0011973702439
0.00119737424658
0.00119737823708
0.00119738221548
0.00119738618182
0.00119739013616
0.00119739407855
0.00119739800905
0.00119740192771
0.00119740583459
0.00119740972973
0.00119741361319
0.00119741748503
0.00119742134529
0.00119742519403
0.0011974290313
0.00119743285714
0.00119743667162
0.00119744047478
0.00119744426667
0.00119744804734
0.00119745181684
0.00119745557522
0.00119745932253
0.00119746305882
0.00119746678414
0.00119747049853
0.00119747420205
0.00119747789474
0.00119748157664
0.00119748524781
0.0011974889083
0.00119749255814
0.00119749619739
0.00119749982609
0.00119750344428
0.00119750705202
0.00119751064935
0.00119751423631
0.00119751781295
0.00119752137931
0.00119752493544
0.00119752848138
0.00119753201717
0.00119753554286
0.00119753905849
0.0011975425641
0.00119754605974
0.00119754954545
0.00119755302128
0.00119755648725
0.00119755994342
0.00119756338983
0.00119756682652
0.00119757025352
0.00119757367089
0.00119757707865
0.00119758047686
0.00119758386555
0.00119758724476
0.00119759061453
0.0011975939749
0.00119759732591
0.00119760066759
0.001197604
0.00119760732316
0.00119761063712
0.00119761394191
0.00119761723757
0.00119762052414
0.00119762380165
0.00119762707015
0.00119763032967
0.00119763358025
0.00119763682192
0.00119764005472
0.00119764327869
0.00119764649386
0.00119764970027
0.00119765289796
0.00119765608696
0.0011976592673
0.00119766243902
0.00119766560217
0.00119766875676
0.00119767190283
0.00119767504043
0.00119767816958
0.00119768129032
0.00119768440268
0.0011976875067
0.00119769060241
0.00119769368984
0.00119769676903
0.00119769984
0.0011977029028
0.00119770595745
0.00119770900398
0.00119771204244
0.00119771507285
0.00119771809524
0.00119772110964
0.00119772411609
0.00119772711462
0.00119773010526
0.00119773308804
0.00119773606299
0.00119773903014
0.00119774198953
0.00119774494118
0.00119774788512
0.00119775082138
0.00119775375
0.001197756671
0.00119775958442
0.00119776249027
0.0011977653886
0.00119776827943
0.00119777116279
0.00119777403871
0.00119777690722
0.00119777976834
0.00119778262211
0.00119778546855
0.00119778830769
0.00119779113956
0.00119779396419
0.00119779678161
0.00119779959184
0.0011978023949
0.00119780519084
0.00119780797967
0.00119781076142
0.00119781353612
0.0011978163038
0.00119781906448
0.00119782181818
0.00119782456494
0.00119782730479
0.00119783003774
0.00119783276382
0.00119783548306
0.00119783819549
0.00119784090113
0.0011978436
0.00119784629213
0.00119784897756
0.00119785165629
0.00119785432836
0.00119785699379
0.00119785965261
0.00119786230483
0.0011978649505
0.00119786758962
0.00119787022222
0.00119787284834
0.00119787546798
0.00119787808118
0.00119788068796
0.00119788328834
0.00119788588235
0.00119788847001
0.00119789105134
0.00119789362637
0.00119789619512
0.00119789875761
0.00119790131387
0.00119790386391
0.00119790640777
0.00119790894545
0.001197911477
0.00119791400242
0.00119791652174
0.00119791903498
0.00119792154217
0.00119792404332
0.00119792653846
0.00119792902761
0.00119793151079
0.00119793398802
0.00119793645933
0.00119793892473
0.00119794138425
0.0011979438379
0.00119794628571
0.00119794872771
0.0011979511639
0.00119795359431
0.00119795601896
0.00119795843787
0.00119796085106
0.00119796325856
0.00119796566038
0.00119796805654
0.00119797044706
0.00119797283196
0.00119797521127
0.00119797758499
0.00119797995316
0.00119798231579
0.0011979846729
0.0011979870245
0.00119798937063
0.00119799171129
0.00119799404651
0.00119799637631
0.0011979987007
0.0011980010197
0.00119800333333
0.00119800564162
0.00119800794457
0.00119801024221
0.00119801253456
0.00119801482163
0.00119801710345
0.00119801938002
0.00119802165138
0.00119802391753
0.00119802617849
0.00119802843429
0.00119803068493
0.00119803293044
0.00119803517084
0.00119803740614
0.00119803963636
0.00119804186152
0.00119804408163
0.00119804629672
0.00119804850679
0.00119805071186
0.00119805291196
0.0011980551071
0.0011980572973
0.00119805948256
0.00119806166292
0.00119806383838
0.00119806600897
0.00119806817469
0.00119807033557
0.00119807249162
0.00119807464286
0.0011980767893
0.00119807893096
0.00119808106785
0.0011980832
0.00119808532741
0.00119808745011
0.00119808956811
0.00119809168142
0.00119809379006
0.00119809589404
0.00119809799338
0.00119810008811
0.00119810217822
0.00119810426374
0.00119810634468
0.00119810842105
0.00119811049288
0.00119811256018
0.00119811462295
0.00119811668122
0.00119811873501
0.00119812078431
0.00119812282916
0.00119812486957
0.00119812690554
0.00119812893709
0.00119813096425
0.00119813298701
0.00119813500541
0.00119813701944
0.00119813902913
0.00119814103448
0.00119814303552
0.00119814503226
0.0011981470247
0.00119814901288
0.00119815099678
0.00119815297645
0.00119815495187
0.00119815692308
0.00119815889007
0.00119816085288
0.0011981628115
0.00119816476596
0.00119816671626
0.00119816866242
0.00119817060445
0.00119817254237
0.00119817447619
0.00119817640592
0.00119817833157
0.00119818025316
0.00119818217071
0.00119818408421
0.00119818599369
0.00119818789916
0.00119818980063
0.00119819169811
0.00119819359162
0.00119819548117
0.00119819736677
0.00119819924843
0.00119820112617
0.001198203
0.00119820486993
0.00119820673597
0.00119820859813
0.00119821045643
0.00119821231088
0.00119821416149
0.00119821600827
0.00119821785124
0.0011982196904
0.00119822152577
0.00119822335736
0.00119822518519
0.00119822700925
0.00119822882957
0.00119823064615
0.00119823245902
0.00119823426817
0.00119823607362
0.00119823787538
0.00119823967347
0.00119824146789
0.00119824325866
0.00119824504578
0.00119824682927
0.00119824860914
0.0011982503854
0.00119825215805
0.00119825392713
0.00119825569262
0.00119825745455
0.00119825921292
0.00119826096774
0.00119826271903
0.0011982644668
0.00119826621106
0.00119826795181
0.00119826968907
0.00119827142285
0.00119827315315
0.00119827488
