1.0
1.0
1.0
1.0
0.999999810713
1.0
0.998050144477
1.0
0.99936380154
1.0
1.0
1.0
1.0
1.0
1.0
0.999999980639
1.0
1.0
1.0
1.0
1.0
1.0
0.99999999999
1.0
1.0
1.0
1.0
1.0
1.0
0.999999999939
1.0
1.0
1.0
1.0
1.0
1.0
1.0
0.999999999905
1.0
1.0
1.0
1.0
1.0
1.0
1.0
1.0
1.0
1.0
1.0
1.0
1.0
1.0
1.0
1.0
1.0
0.999999999742
0.999999999988
1.0
1.0
0.999999981398
1.0
1.0
0.897715793284
1.0
1.0
1.0
1.0
1.0
1.0
1.0
0.9999999968
1.0
0.999999891877
1.0
0.999999999998
1.0
1.0
1.0
1.0
1.0
1.0
1.0
0.999999134536
1.0
1.0
0.999999907864
1.0
1.0
1.0
0.9999927897
1.0
1.0
0.999999291418
0.998793461786
0.999996627985
1.0
1.0
1.0
1.0
0.99972534643
1.0
1.0
1.0
1.0
0.962371743193
1.0
1.0
1.0
1.0
0.983092534347
1.0
1.0
1.0
1.0
1.0
1.0
1.0
1.0
0.999337837789
1.0
1.0
1.0
1.0
1.0
1.0
1.0
1.0
1.0
0.999191233249
1.0
0.999999999957
1.0
1.0
1.0
1.0
1.0
1.0
1.0
1.0
1.0
1.0
1.0
1.0
0.999999998869
1.0
1.0
1.0
1.0
0.991084821452
1.0
1.0
1.0
1.0
1.0
1.0
1.0
1.0
1.0
1.0
1.0
1.0
0.999999999998
1.0
0.999999291418
1.0
0.999894837102
1.0
1.0
1.0
0.999999999999
1.0
1.0
0.999994096706
1.0
1.0
1.0
1.0
1.0
0.999999972249
1.0
1.0
1.0
1.0
1.0
1.0
1.0
0.91954039325
1.0
1.0
1.0
1.0
1.0
1.0
0.781288113048
1.0
0.999999999531
1.0
0.999999291418
1.0
1.0
1.0
1.0
1.0
1.0
1.0
0.9999999968
1.0
1.0
1.0
1.0
1.0
1.0
0.998466189321
1.0
1.0
1.0
1.0
1.0
0.999999999998
1.0
1.0
1.0
1.0
1.0
1.0
1.0
1.0
1.0
1.0
1.0
0.990342302372
1.0
1.0
1.0
1.0
1.0
1.0
1.0
1.0
1.0
0.997314799823
1.0
1.0
1.0
0.999913899901
1.0
1.0
1.0
1.0
1.0
1.0
0.925726421786
1.0
1.0
1.0
1.0
0.999999967434
0.993262053001
1.0
1.0
1.0
1.0
1.0
0.999952747264
0.950212931632
1.0
1.0
1.0
1.0
1.0
1.0
1.0
1.0
1.0
1.0
1.0
0.999994764248
1.0
1.0
1.0
1.0
1.0
1.0
1.0
1.0
1.0
1.0
0.999999994617
1.0
1.0
1.0
1.0
1.0
1.0
1.0
1.0
1.0
1.0
1.0
1.0
1.0
0.999986325804
1.0
1.0
1.0
1.0
1.0
1.0
0.999999992587
0.999999485464
1.0
1.0
1.0
1.0
1.0
1.0
1.0
0.999999963282
1.0
1.0
1.0
1.0
1.0
1.0
1.0
1.0
1.0
1.0
1.0
1.0
1.0
1.0
1.0
1.0
1.0
1.0
1.0
0.999993855788
1.0
1.0
1.0
1.0
0.999999998442
1.0
1.0
1.0
1.0
1.0
0.999736115751
0.999999996244
1.0
1.0
0.879968371489
1.0
1.0
1.0
1.0
1.0
1.0
1.0
1.0
1.0
1.0
1.0
1.0
1.0
1.0
1.0
1.0
1.0
1.0
1.0
1.0
1.0
1.0
1.0
1.0
1.0
0.99999894292
1.0
1.0
1.0
1.0
1.0
1.0
1.0
0.999999999762
1.0
1.0
1.0
1.0
1.0
1.0
1.0
1.0
0.999999825266
1.0
1.0
1.0
1.0
1.0
1.0
1.0
1.0
1.0
1.0
1.0
1.0
1.0
1.0
1.0
1.0
1.0
1.0
1.0
1.0
0.999994096706
0.9989298966
1.0
0.976716259625
0.9989298966
1.0
1.0
1.0
0.999999999999
0.999961312732
1.0
1.0
1.0
1.0
1.0
1.0
1.0
1.0
1.0
1.0
1.0
1.0
1.0
1.0
1.0
0.999999918283
1.0
0.999999904104
1.0
1.0
1.0
1.0
0.999999862549
1.0
1.0
1.0
1.0
0.999999995413
1.0
0.999999956911
1.0
1.0
1.0
1.0
1.0
1.0
1.0
0.601480958915
0.999999960224
1.0
1.0
1.0
1.0
1.0
1.0
1.0
0.999999992877
1.0
1.0
1.0
1.0
1.0
1.0
1.0
1.0
0.997801544037
1.0
1.0
1.0
1.0
1.0
1.0
0.999999999994
1.0
1.0
1.0
1.0
1.0
1.0
1.0
1.0
1.0
1.0
1.0
1.0
1.0
1.0
1.0
0.999923636063
1.0
1.0
1.0
1.0
1.0
1.0
1.0
1.0
1.0
1.0
1.0
1.0
1.0
1.0
0.909282046711
1.0
0.999999998869
1.0
1.0
1.0
1.0
1.0
1.0
1.0
1.0
1.0
0.9999998387
1.0
1.0
1.0
1.0
0.999999810713
1.0
1.0
1.0
1.0
0.999999999994
1.0
1.0
1.0
1.0
1.0
1.0
1.0
1.0
0.53233357299
1.0
1.0
1.0
0.827955136177
1.0
1.0
1.0
1.0
1.0
1.0
1.0
1.0
1.0
1.0
1.0
1.0
1.0
1.0
1.0
1.0
1.0
1.0
1.0
1.0
1.0
1.0
1.0
0.999994328177
1.0
1.0
0.999999999954
0.999999976352
1.0
1.0
1.0
1.0
1.0
0.999999999944
1.0
0.98500442318
1.0
1.0
1.0
1.0
1.0
1.0
0.999222945447
1.0
1.0
1.0
0.329679953964
1.0
1.0
1.0
1.0
1.0
1.0
1.0
1.0
1.0
1.0
1.0
1.0
1.0
1.0
1.0
1.0
1.0
1.0
0.931436845846
1.0
1.0
1.0
1.0
1.0
0.999942285378
1.0
1.0
1.0
1.0
0.999998808145
1.0
1.0
1.0
1.0
1.0
1.0
1.0
1.0
0.994258300314
1.0
1.0
1.0
1.0
1.0
1.0
1.0
0.999999999984
1.0
1.0
1.0
1.0
1.0
1.0
1.0
1.0
0.999999998775
1.0
1.0
1.0
1.0
1.0
1.0
1.0
1.0
1.0
1.0
1.0
1.0
1.0
0.999999999242
1.0
1.0
1.0
0.999998544266
1.0
1.0
1.0
1.0
1.0
1.0
1.0
1.0
0.99998518692
1.0
1.0
1.0
1.0
0.973747656034
1.0
1.0
1.0
1.0
1.0
1.0
1.0
0.957574258919
1.0
1.0
1.0
1.0
1.0
1.0
1.0
1.0
1.0
1.0
1.0
1.0
1.0
1.0
1.0
1.0
1.0
1.0
1.0
0.798103482005
1.0
1.0
1.0
1.0
1.0
1.0
1.0
1.0
1.0
1.0
1.0
1.0
1.0
1.0
0.999990070496
0.999999999998
1.0
1.0
1.0
1.0
1.0
1.0
1.0
1.0
1.0
1.0
1.0
0.99999119332
1.0
0.999997451486
1.0
1.0
1.0
1.0
1.0
1.0
1.0
1.0
0.998403593319
1.0
0.999999999995
0.998338442727
1.0
1.0
1.0
1.0
1.0
1.0
1.0
1.0
1.0
1.0
1.0
1.0
0.999999851101
0.999664537372
1.0
1.0
1.0
1.0
1.0
1.0
1.0
1.0
1.0
1.0
1.0
1.0
1.0
1.0
1.0
1.0
0.999999998562
1.0
1.0
1.0
1.0
1.0
1.0
1.0
1.0
1.0
1.0
0.98439244208
1.0
1.0
1.0
1.0
1.0
1.0
1.0
1.0
1.0
0.999999681614
1.0
0.763072241318
0.999999371544
1.0
0.999999999983
1.0
0.999999998823
0.493383007634
1.0
1.0
1.0
1.0
0.999650846883
0.998793461786
1.0
1.0
1.0
1.0
1.0
1.0
1.0
1.0
1.0
1.0
0.999999995226
1.0
1.0
1.0
1.0
1.0
1.0
1.0
1.0
1.0
0.999923636063
1.0
1.0
1.0
0.999999810713
1.0
1.0
0.999998073874
1.0
1.0
1.0
1.0
1.0
1.0
1.0
1.0
1.0
0.646545318041
1.0
1.0
1.0
1.0
1.0
1.0
1.0
1.0
1.0
0.999871553746
0.999999999996
1.0
1.0
1.0
1.0
0.997618441086
1.0
0.992987072167
1.0
1.0
1.0
1.0
1.0
1.0
1.0
1.0
1.0
1.0
1.0
1.0
1.0
1.0
1.0
1.0
1.0
1.0
1.0
1.0
1.0
1.0
1.0
1.0
1.0
1.0
1.0
0.999997009291
0.999050903425
1.0
1.0
1.0
1.0
1.0
1.0
1.0
1.0
1.0
1.0
1.0
1.0
1.0
1.0
1.0
1.0
1.0
0.997801544037
1.0
1.0
1.0
1.0
1.0
1.0
1.0
1.0
1.0
1.0
1.0
1.0
1.0
1.0
1.0
1.0
0.999999999983
1.0
0.999999999999
1.0
0.999968325544
1.0
1.0
1.0
1.0
1.0
1.0
1.0
1.0
1.0
1.0
0.999999999998
1.0
0.617107114025
1.0
1.0
1.0
1.0
1.0
1.0
1.0
1.0
1.0
0.999999963282
0.999999999959
1.0
1.0
1.0
1.0
0.922695259557
1.0
1.0
0.999999999753
0.302323673929
1.0
1.0
1.0
1.0
1.0
1.0
1.0
1.0
0.999999999995
1.0
1.0
1.0
1.0
1.0
0.999959733874
1.0
1.0
