1.00985265777e-06
0.0216210585512
1.46389544677e-14
1.56599072275e-13
4.1422319926e-07
2.18137679439e-15
0.000182878571835
6.07671492533e-14
1.11504391245e-08
6.47223748844e-07
1.7839544112e-09
0.0629834227275
1.40875569113e-05
3.34127952384e-05
0.304261927797
2.8245944844e-09
0.0883977862842
0.0216210585512
1.08099013321e-11
0.00143609618251
1.40875569113e-05
4.36257727624e-08
1.65514899717e-12
4.38823776117e-11
0.000957397455004
0.00143609618251
9.10084398232e-15
2.75262186837e-11
1.35395801031e-15
7.68281192804e-17
7.68281192804e-17
1.1130053828e-10
0.2304
2.64823839547e-12
1.1130053828e-10
4.75680483204e-17
1.8217310716e-17
1.56599072275e-13
4.75680483204e-17
1.12684396181e-17
6.99106506069e-11
1.65514899717e-12
6.9680351108e-18
0.00697489733001
1.12684396181e-17
1.68984672409e-07
3.34127952384e-05
0.000120014062766
2.64823839547e-12
4.75680483204e-17
0.0102298494173
3.78275504102e-14
5.89281935255e-06
3.51307873254e-15
4.47165533097e-10
2.81494368376e-10
7.09786560472e-10
2.44738848622e-06
2.35371424775e-14
0.00214589084742
6.76793822529e-12
0.00697489733001
1.1130053828e-10
0.000182878571835
1.65514899717e-12
0.000120014062766
4.46828506007e-09
0.510818254848
1.03390129138e-12
9.757326811e-14
0.0102298494173
1.65514899717e-12
7.68281192804e-17
0.168514298472
0.55296
2.81494368376e-10
1.00985265777e-06
2.75262186837e-11
1.72552415629e-11
1.57332116972e-06
3.34127952384e-05
8.40069401852e-16
0.228196445848
1.07727728661e-07
2.35371424775e-14
8.40069401852e-16
2.94421183288e-17
6.47223748844e-07
4.027855885e-13
6.47223748844e-07
2.35371424775e-14
1.72552415629e-11
0.00214589084742
1.65514899717e-12
7.09786560472e-10
0.0216210585512
1.56599072275e-13
4.027855885e-13
6.4548972516e-13
1.7839544112e-09
1.46389544677e-14
7.06194477884e-09
1.00985265777e-06
0.304261927797
1.1130053828e-10
1.08099013321e-11
7.09786560472e-10
6.47223748844e-07
0.00697489733001
0.122774703172
2.94421183288e-17
3.51307873254e-15
0.0311212206418
5.21031808789e-16
0.168514298472
0.228196445848
9.10084398232e-15
2.77151968137e-08
2.64823839547e-12
0.00143609618251
0.510818254848
0.398438238781
0.00473079992818
4.027855885e-13
0.510818254848
0.000635985452253
0.000635985452253
0.122774703172
9.10084398232e-15
0.82944
1.8217310716e-17
1.1130053828e-10
0.510818254848
6.76793822529e-12
5.21031808789e-16
1.00985265777e-06
0.0444588866312
0.63852281856
8.40069401852e-16
0.0444588866312
0.55296
9.10084398232e-15
1.72552415629e-11
0.995328
6.9680351108e-18
0.0149185304003
9.10084398232e-15
5.89281935255e-06
2.35371424775e-14
1.65514899717e-12
5.89281935255e-06
0.510818254848
2.6474265344e-07
0.0311212206418
1.24045400921e-16
0.0629834227275
1.35395801031e-15
5.21031808789e-16
6.99106506069e-11
7.85546592653e-05
4.1422319926e-07
6.76793822529e-12
0.0149185304003
1.12684396181e-17
2.44738848622e-06
4.47165533097e-10
0.0311212206418
6.07671492533e-14
1.46389544677e-14
0.82944
1.65514899717e-12
2.94421183288e-17
1.7839544112e-09
0.228196445848
0.0444588866312
2.1718316905e-05
1.65514899717e-12
0.00473079992818
1.56599072275e-13
2.81494368376e-10
1.68984672409e-07
2.18137679439e-15
0.0311212206418
1.11504391245e-08
6.4548972516e-13
1.65514899717e-12
4.2347956324e-12
1.03390129138e-12
2.51211011775e-13
0.000421066230457
0.000957397455004
0.9029615616
9.10084398232e-15
1.57332116972e-06
2.1718316905e-05
0.0216210585512
0.7739670528
2.94421183288e-17
1.08099013321e-11
9.10084398232e-15
2.6474265344e-07
6.47223748844e-07
0.0216210585512
0.63852281856
1.12573674914e-09
6.07671492533e-14
4.38823776117e-11
0.0102298494173
9.11983947418e-06
6.76793822529e-12
1.72552415629e-11
1.07727728661e-07
1.12573674914e-09
1.03390129138e-12
0.000421066230457
1.12573674914e-09
1.1130053828e-10
5.89281935255e-06
6.9680351108e-18
9.11983947418e-06
0.00143609618251
1.11504391245e-08
1.46389544677e-14
0.00214589084742
6.76793822529e-12
6.85939823308e-08
1.40875569113e-05
4.75680483204e-17
1.12684396181e-17
0.00697489733001
0.995328
0.000635985452253
4.46828506007e-09
0.00214589084742
7.85546592653e-05
0.00473079992818
1.7839544112e-09
0.228196445848
1.72552415629e-11
6.07671492533e-14
1.46389544677e-14
2.00213629557e-16
4.75680483204e-17
7.09786560472e-10
0.0
0.398438238781
6.9680351108e-18
6.99106506069e-11
1.57332116972e-06
4.2347956324e-12
