5.0795491296
4.35047044226
6.29092294536
4.61507042425
4.84670274948
5.78575606329
4.1189166355
5.03116966154
5.67815554826
5.00770611266
5.62205491427
4.86294095921
5.6476208766
5.55775505957
4.57322524973
4.82731876227
5.02884164249
4.60040514149
4.59240506014
4.87351428955
5.32487830927
4.35605838976
6.02320242585
5.17987789385
4.25109686058
4.15033887596
4.76607158169
4.40912060929
5.47446463354
4.80533914725
4.23591863671
4.58027984782
5.24989601329
4.11233341446
5.39880095434
5.16230458761
5.34530831099
4.82709249811
5.04720647762
4.81177608105
4.62152419057
5.72541366807
5.71670228432
5.27158813961
5.33187064613
5.00577626345
5.80097887872
5.10940837968
3.9835287454
5.5908394948
5.15699309871
5.35053603421
5.19519923876
5.72892492616
4.21830127727
5.50468314896
4.93132918225
4.92809335134
5.43394949266
4.82799740556
5.08006724763
5.57721224139
4.36928560014
5.15754575513
5.59151467626
5.25478978125
4.11494771006
4.27627321378
5.18455449475
4.57219304261
4.20622552297
4.97987880814
4.94106565377
4.97555200858
4.73743941678
5.53940059957
5.5084065157
5.39333982445
5.63511963571
5.30057801344
4.83023359548
5.2175884012
4.35937339562
4.41969586518
4.52406333618
5.26884048995
5.26284819243
5.24227020474
5.24089787776
4.7154279323
5.28988832491
4.8985167562
5.5420314154
4.64051502428
4.71404862421
5.49506168702
5.74308628569
4.33407887519
5.1756690807
4.81749383092
5.75563959918
4.92395787844
6.32154666006
5.36240982928
4.26148235549
5.75468751971
4.58851813794
5.02137758174
5.44882641781
4.77092801028
4.31517736955
5.22394367818
5.01602993612
5.36180433661
4.99442105497
5.16292198833
5.26463743236
4.81766756593
5.13211743175
4.52946493121
5.10995398776
4.96760269103
5.45835095205
5.18118095675
5.0479676458
5.02937556691
6.04770798573
5.75164820222
5.87873500131
4.92385919846
5.72396526881
5.78982505277
4.03516863637
5.48312324296
4.58359553553
5.21407743715
5.37100189251
5.42442729054
4.95711984826
5.17201952308
4.54813451283
6.14892486958
4.93315277273
5.84186215184
5.06588880893
5.11435334358
4.9496901044
5.04352683298
5.3917645559
4.68556619895
5.19621202471
4.72581420668
4.4683746906
4.93338789664
4.71598560126
5.88980823926
4.01935385853
5.74374724318
4.35461187577
4.93228150702
4.83305545032
5.36772798127
4.41846617474
4.74634256255
5.60773019421
4.52367334308
4.07439539756
4.31306755776
4.69241030726
4.55169212913
5.26245980295
4.34498430788
4.33249476199
5.75007264233
4.38513567474
4.45590539704
4.87953658187
5.43331473932
4.94765143476
4.31084812742
5.30885089062
5.05224893929
4.82440218578
4.05172797523
4.44307875669
5.30143478008
5.56084405877
4.4546673579
5.90490340917
5.30829200195
4.84813383644
5.17677223983
5.15504523189
4.99526327857
4.36783672335
5.47032515175
3.64416259131
3.76931253687
5.37636784724
4.6922287223
5.16014328095
4.47841951727
5.05117545486
5.04970846365
5.52022477976
4.814319103
5.34215964333
5.33435689475
5.14178203328
5.21968351374
5.60529612585
4.86914002123
5.77998235706
5.51673268356
5.23980976181
4.08256338606
5.02849038222
4.72917634035
5.16283421696
4.41041646227
5.49549651174
4.26996992279
4.99316532249
6.54962512271
4.64053886984
5.01613413207
4.94553737916
5.16669948865
5.36067988485
5.40468109787
5.95241022579
5.5351835289
6.06540040927
5.39100091796
5.06286901603
4.68667725128
4.97924074547
4.44536723696
5.47022999566
4.8688056384
5.31533302245
5.64521496169
5.11019796918
4.64106613456
5.6843196702
4.26856102629
5.26817519418
4.58793277128
5.02869705832
4.61491895571
4.91777130811
5.52590768064
4.40955573494
4.48660707998
5.58749966103
4.72021290882
4.39791384427
4.47603186928
4.89950136763
5.38488094793
5.37068108603
5.11196010922
5.71036905387
4.94818450282
5.00108618817
5.72714649665
5.07906167841
5.64282228818
5.60303468686
4.10350191095
5.04156656777
4.11914747714
5.97826773416
5.44951825737
6.15706172234
4.63816992213
5.42292849641
5.6602938782
4.77726593088
4.91711823275
5.0674592375
4.86685722561
4.43977930605
4.88613989479
4.73770977058
4.85302437526
5.29988644413
5.14700646213
5.81063861264
4.61130693987
4.68594458069
5.56991443765
4.7857162605
5.98935640914
5.68977784332
5.15403651351
4.84285421409
5.00666088826
5.69373835672
4.29595331689
5.18927147914
4.64006342986
4.27306375858
5.2757223025
4.51138674968
5.00499960219
4.66173400925
4.17536134375
5.08818396761
4.74065764272
4.79098818954
4.27930787989
5.35315598685
4.77786181087
4.62656957914
5.10928181975
5.66829961276
5.4868767525
4.83859051614
5.31740098774
4.41570878762
4.59074193871
5.58674444816
4.61748171387
3.62609257153
5.76446598147
4.64611617114
4.86408653924
5.90216468749
4.78825893379
5.27359397193
4.94311229062
4.2918385967
5.20495150863
4.87580272313
5.09541423715
5.08665998399
4.37520745305
4.71183460986
4.44441447401
5.20620852155
4.60547700966
5.35453572326
4.79863191407
4.93232778508
5.395204076
4.77772344873
4.80722357631
5.01594703911
3.97961957168
4.63292110204
3.99109985114
4.99537108232
4.33126963712
4.69732373317
4.60191163071
4.8759774918
5.81943593174
6.08687955425
4.72071373707
6.10919493416
4.91980350165
4.6660971939
5.00179916508
4.53987137486
5.02874113313
5.02942287004
5.91337082698
5.18742076193
5.08467601562
4.33630641074
5.30106147977
4.76460506215
4.85545685342
5.0418730239
5.4370873706
5.20561606069
5.56235473901
4.60719971523
5.35617429753
5.01543063945
4.3199692541
5.02917581373
4.10212951065
5.51618287001
5.86806000452
5.06984901723
4.40234939568
5.46923993101
5.03797153253
4.5500815586
5.2159817529
5.13522099227
4.76514299934
4.71157691648
5.48298939779
4.62039658507
5.07601582988
5.33239068976
4.76734152187
4.92625336611
4.2289127518
5.57367600502
4.58657975433
6.25249699391
4.49685866777
4.63852729014
5.26271638747
4.23951924206
4.73112700561
5.24301733658
5.54397999119
5.40737144639
5.31687109636
4.83067538388
4.87428966644
4.46445720573
4.67173913122
4.92649884795
5.05766253589
3.65611132876
4.65668463808
4.71839127834
5.58476114634
5.03290205739
4.75605149536
5.28346106607
5.14372364865
5.04012008974
5.07604861534
4.88669272175
4.4292100092
4.96845879558
4.35670814076
5.30983731964
5.03450797594
5.32954370132
5.94566727352
6.6955581971
5.53953740101
5.31689138347
4.84264286664
5.49449096455
5.51748670218
5.26966478522
4.43315410893
5.01614576086
5.43365702368
3.97108878143
4.61510269795
4.37707087734
5.86885796108
4.54661848584
5.18166960625
5.24455414185
5.16609022644
4.69902296238
5.05748963007
4.64616781437
4.70860382411
4.03221088467
4.80471497548
5.19545314502
5.38820205112
5.04397186842
4.8870251462
4.99734891169
4.5984508811
5.83768244067
5.12453992546
5.05368981759
4.45168626433
5.16312168465
4.33861880348
5.67232324558
4.78789401873
5.40425461444
4.14552155241
5.32393180001
4.81025043193
4.98600456834
4.85437806754
5.05396725631
4.75281111691
3.68559148672
5.34165267882
4.86042110849
4.01940372702
3.56272178997
4.73329552191
4.61458851754
4.71273711657
5.4206566201
5.15049969189
4.63590764544
4.95215909303
5.27560756667
5.08000756071
4.71983261295
5.29897222594
4.99033543488
4.89228315968
5.19765826519
4.5679226369
5.09927200193
4.56243039762
5.30134006413
5.21715469082
4.82581865896
5.9472689486
5.76793223256
5.62463445399
4.54391932866
4.69739019362
5.24406775631
5.10249109194
4.75877045288
5.49020084432
5.15411973569
5.53192502393
4.87019677726
3.79493247942
4.51854207238
4.48028558643
4.97259614255
5.53971345213
4.78655298102
5.19859831619
3.90340507837
5.75660078763
4.35972565941
4.64257171363
5.39779844484
4.62850875734
5.3440916382
6.51127184353
4.08252801914
4.6772512507
4.88894645002
5.98162525025
4.84742170546
5.56655574325
4.7953191277
4.78023768062
5.27809890098
5.34053746277
5.21621262046
5.73985018911
4.65060162201
5.05578166121
4.77125038522
4.32316279681
4.87186687755
4.62216280674
5.198098852
4.49356076522
4.68778334051
5.1414203061
4.79902651005
5.78656208734
5.61441782842
4.28705587732
4.85839882112
4.70370205405
4.91899938659
5.11701207485
5.37199597103
5.30814655408
5.26902039115
5.67144589014
4.71305681578
5.09487374106
5.26542190789
5.28762329165
4.78618846601
5.64637740964
4.93651154645
4.76220800627
5.16832405896
4.42893091057
4.7463232136
5.1003553176
5.04140390501
4.52702914844
4.68182956312
4.99113481469
4.21081679869
5.18959240962
4.34938098261
5.76714324655
5.16125723845
4.02798537711
6.0166123457
4.46058905973
4.81928312207
5.35062977396
5.19333828519
5.28257485428
4.49080412908
5.22655557697
4.76725650976
5.26793567783
5.14542900367
4.89480775422
5.20783737066
4.42991753038
5.08514009347
4.9753641512
5.49906327295
6.11348497497
5.10062782543
5.07407951482
5.53044925357
4.27932027001
5.12302255356
4.08920391387
4.97700874815
4.62522738438
5.49288922304
5.09519403656
5.24489048539
4.87462799866
5.44001329446
4.92794282185
5.33504196862
4.92586985134
5.15033324189
3.77661120843
5.17568380267
4.8374082326
3.83547305724
4.89651648391
5.23171602726
5.3295615015
4.11274664549
4.07973860846
4.81801312703
5.41064149935
5.04011351658
4.58873761758
4.67740641224
4.35618411809
4.62991642387
5.37903642235
4.76448680562
4.91598936914
5.47658504417
4.53148681944
4.84900381991
6.56744139242
4.82242275966
5.1811376414
4.47477545678
4.4912079087
5.68960333351
4.45845231853
5.25453222509
5.35241421319
5.49502533896
4.87750588633
4.5255381511
4.94116581043
4.24501273735
4.79975052188
4.51949860479
4.46437770744
4.17608615816
5.15413251007
5.59499179936
4.72395310392
4.35370849174
5.74779001133
5.46284414976
4.93395105273
5.31482348471
5.20435699123
5.48467443483
5.34477575914
5.05407658987
5.3731652381
5.32067898893
5.37091289131
5.28846553958
5.37954179034
4.80341099374
4.97292540225
5.06638200333
4.9237236898
3.867326094
5.23601121763
4.95476539784
5.27650353373
5.63074063044
4.89318641576
4.86910333963
4.7903916568
5.13413886001
5.04902177096
4.90368046868
4.51414451508
5.15318325175
4.56548405198
5.17374347889
5.40825621295
4.2589330131
4.70089682808
5.19243324416
5.76986402821
5.41439731575
4.62434615695
5.10243140649
4.86173905278
6.00073529496
5.46261378339
4.72516338745
4.43567800686
4.08912577449
4.46931524838
4.59735348332
4.45586125523
5.58020730021
5.64495336437
5.52625515784
5.28285378485
5.24235548019
3.84625918771
4.93144624009
5.59699759306
4.22294384737
4.92450663167
5.47199101615
4.4553867299
5.93415814622
4.91302184231
4.06106490786
4.3597507885
4.81748519922
5.03910514662
5.24154451591
5.12546938459
4.81431374473
5.09954376209
3.81722001972
5.48910130884
4.84100590673
4.98992055086
5.03878094452
5.04570001069
5.08596863646
5.32143273791
4.64731142323
4.94841646971
4.97918177578
4.56136804716
4.31580782625
5.41046133115
5.23175826531
5.00037398797
4.25604444697
3.96930981909
4.11718872265
5.77410937235
5.47071371208
5.8084881578
4.48216695656
4.81981542516
5.41274995859
4.26697464739
5.08964805684
4.46838576608
4.67083569067
5.04697751327
4.98551195315
5.08361065581
5.35881088459
4.54062315849
5.17679291106
5.56720439014
5.08331045337
4.59251033673
4.95986957094
4.41506435615
5.75854058657
5.55489658299
4.23115345584
5.19120925612
5.134495033
4.91561940504
5.00518820167
4.31418229785
5.39052399398
4.45327850335
4.72939654392
5.11141576767
5.17912505382
4.94406670507
5.72144426999
6.06545048707
4.7869963122
3.84499628319
5.26019084083
4.981178402
4.66715072133
5.66284716782
5.06227036968
4.64146609108
4.86350686118
5.36201408272
5.01600199634
5.60694028457
5.76550186376
4.84483095662
4.83879371724
5.08058534902
5.70983081581
5.56264521711
4.58696235088
5.82524946177
5.51536771699
5.11787726634
4.78731071159
5.52533589078
5.36402143607
5.95929607751
4.80786748476
5.55838380276
5.56656822782
4.61195515617
5.44437079619
5.95239367288
4.98278249374
4.53319861621
4.89342926116
4.57410493838
4.94809321242
5.1716507757
5.15260798866
4.36406542939
4.6016922284
5.11342677567
5.09509114164
5.47219114322
4.96182320167
4.85270001995
6.3117017544
5.51420882418
5.75199526639
5.38954145523
5.06205490982
4.14981755369
5.41129794438
4.83558075271
5.68032301266
4.41981273769
5.08781684228
4.72459369812
5.05751024644
5.27488596265
4.9351350123
5.18809407708
5.59668283157
4.86335269462
5.25738439125
6.03776413383
4.54525358984
6.12933948378
4.19104755957
4.1737451375
5.15090328291
5.25841016085
4.71456052286
4.82933437722
4.85893644178
5.8132211978
5.92485934219
5.64090903763
5.04097886983
4.85850511131
4.61167777704
4.83440860221
5.47460178698
4.9756355672
5.03131926361
4.66603000161
4.97443769602
5.41301915053
5.59579633233
5.02356944302
4.98042456374
4.84267534484
5.50951934432
4.54844895621
4.50126652442
5.4219568391
5.06682086985
5.69140966041
5.15552674995
5.33270016907
5.59113616056
5.20558703377
5.11003699165
5.22276640994
5.102780858
5.86732583379
5.21313536084
4.70970965635
4.87085360106
5.31695364094
5.0932810532
5.21701589537
4.16946505279
4.86653899453
5.62972499443
4.88823190803
6.09950145089
4.54300790893
4.8601907456
4.52490908307
4.80351332809
4.86347626713
4.80099872399
4.76533617125
4.76397937491
5.90457729441
5.30124398379
5.19684035495
5.30666599695
4.31047536598
4.82201777434
5.66810754075
4.64702721388
5.14643631114
5.59246405858
4.8756268935
5.27975071876
5.87463364785
5.63394427299
4.25128108546
5.47767866667
4.61018673643
5.12852334369
4.69120959726
5.46829154889
5.15344032521
5.29734792178
4.68981702468
5.68479557635
5.82958051076
4.79854051986
5.12883575298
5.29846125711
5.0743694303
4.41756424659
4.31709440564
4.91355759943
4.81414313073
4.66062804704
4.5565768302
5.2833598489
5.65560053477
5.96269042163
5.48248592557
3.97652912964
3.95363180262
4.10872307238
5.08819653143
4.34100002013
4.3593865905
4.73594273891
5.44546366809
5.00218205082
5.29080025781
5.2370041119
5.41004670261
3.96618175534
4.87354468604
5.84551353133
5.0087039879
4.91340342775
4.76806628729
5.31594361594
4.80033042839
4.86886505704
5.42121808722
5.10065893765
4.80395573951
4.71463641757
5.24765709471
5.34425867724
4.41215058133
5.23031161871
5.27765061054
4.86549325472
4.69629811562
4.64395823373
4.91081271902
4.97037433098
4.7765608919
4.61501424507
5.57568614478
