3.65670688221
4.53390107617
6.66422983293
3.65670688221
5.22312508571
3.62537851814
5.53640872641
6.66422983293
5.81836400304
4.87851308094
4.87851308094
6.0689909156
4.28327416361
6.31961782816
6.63290146886
5.56773709048
5.25445344978
5.19179672164
4.5025727121
5.88102073118
6.03766255153
4.06397561512
5.22312508571
6.0689909156
3.62537851814
4.25194579954
5.50508036234
4.15796070733
4.47124434803
5.09781162943
6.31961782816
4.25194579954
5.78703563897
6.0689909156
4.28327416361
5.63039381862
4.56522944024
4.43991598396
4.15796070733
6.47625964851
5.63039381862
6.03766255153
6.31961782816
4.06397561512
4.72187126059
6.10031927967
5.47375199827
4.43991598396
3.90733379477
4.34593089175
3.65670688221
6.3822745563
4.62788616838
3.8760054307
4.47124434803
6.03766255153
5.59906545455
3.65670688221
4.15796070733
6.50758801258
3.56272179
5.94367745932
6.44493128444
3.56272179
5.78703563897
6.16297600781
5.4424236342
4.97249817315
5.69305054676
6.28828946409
4.00131888698
5.37976690606
6.53891637665
5.03515490129
4.03264725105
4.84718471687
4.43991598396
4.31460252768
4.97249817315
6.28828946409
5.94367745932
4.8158563528
6.3822745563
5.31711017792
4.09530397919
4.1892890714
4.25194579954
4.75319962466
5.97500582339
5.63039381862
3.75069197442
5.00382653722
5.03515490129
5.78703563897
5.37976690606
6.25696110002
5.25445344978
6.10031927967
3.71936361035
5.37976690606
5.37976690606
4.28327416361
4.47124434803
6.63290146886
4.65921453245
5.88102073118
4.22061743547
6.28828946409
4.53390107617
6.60157310479
5.34843854199
6.00633418746
4.25194579954
4.37725925582
5.00382653722
4.69054289652
5.31711017792
6.22563273595
5.19179672164
3.96999052291
5.19179672164
4.43991598396
6.50758801258
6.60157310479
5.19179672164
6.57024474072
4.40858761989
5.06648326536
5.88102073118
5.1291399935
6.25696110002
5.41109527013
4.37725925582
6.41360292037
4.37725925582
5.50508036234
5.7557072749
3.8760054307
5.03515490129
5.50508036234
5.19179672164
6.25696110002
5.28578181385
6.63290146886
6.47625964851
4.00131888698
6.35094619223
5.09781162943
3.75069197442
4.22061743547
5.84969236711
6.25696110002
5.09781162943
3.90733379477
5.16046835757
4.78452798873
4.47124434803
5.47375199827
4.75319962466
6.13164764374
5.94367745932
6.31961782816
4.47124434803
4.94116980908
6.57024474072
5.84969236711
4.06397561512
6.0689909156
5.28578181385
4.84718471687
4.34593089175
4.34593089175
6.28828946409
5.50508036234
4.28327416361
5.91234909525
5.16046835757
5.7557072749
4.22061743547
3.65670688221
5.16046835757
3.71936361035
5.22312508571
4.5025727121
5.7557072749
6.53891637665
4.43991598396
3.68803524628
5.1291399935
5.34843854199
3.62537851814
4.00131888698
6.0689909156
5.06648326536
6.60157310479
5.37976690606
4.00131888698
5.78703563897
5.34843854199
5.91234909525
4.28327416361
5.59906545455
4.56522944024
4.97249817315
5.09781162943
4.25194579954
4.53390107617
3.56272179
6.60157310479
4.34593089175
6.19430437188
4.06397561512
5.03515490129
3.56272179
5.37976690606
6.22563273595
6.60157310479
5.97500582339
4.40858761989
5.56773709048
5.1291399935
6.19430437188
6.60157310479
4.00131888698
4.12663234326
6.63290146886
5.22312508571
4.8158563528
6.00633418746
4.69054289652
4.97249817315
5.09781162943
6.57024474072
4.62788616838
5.78703563897
5.50508036234
6.22563273595
5.19179672164
5.63039381862
6.31961782816
5.09781162943
6.50758801258
5.50508036234
5.31711017792
5.06648326536
5.28578181385
6.16297600781
6.00633418746
4.1892890714
5.91234909525
3.62537851814
4.8158563528
5.37976690606
4.15796070733
4.1892890714
6.53891637665
6.22563273595
6.22563273595
4.09530397919
4.97249817315
5.00382653722
4.97249817315
4.90984144501
4.5025727121
5.69305054676
3.84467706663
5.1291399935
4.40858761989
4.65921453245
4.65921453245
5.28578181385
3.62537851814
6.0689909156
3.68803524628
5.47375199827
5.22312508571
4.97249817315
4.62788616838
4.15796070733
4.59655780431
5.91234909525
4.40858761989
4.62788616838
3.59405015407
3.65670688221
4.12663234326
4.62788616838
5.59906545455
5.31711017792
6.50758801258
3.65670688221
3.93866215884
6.57024474072
6.50758801258
4.78452798873
6.44493128444
4.53390107617
5.25445344978
5.25445344978
6.47625964851
6.41360292037
5.66172218269
4.09530397919
5.94367745932
6.53891637665
6.28828946409
4.06397561512
6.53891637665
4.28327416361
4.62788616838
6.35094619223
6.35094619223
6.57024474072
6.41360292037
5.22312508571
3.8760054307
3.8760054307
4.22061743547
4.72187126059
5.56773709048
3.8760054307
5.1291399935
4.75319962466
4.31460252768
6.13164764374
4.65921453245
4.56522944024
5.50508036234
6.57024474072
6.53891637665
4.62788616838
5.63039381862
3.84467706663
5.97500582339
4.75319962466
5.91234909525
6.28828946409
4.47124434803
5.63039381862
6.25696110002
6.53891637665
3.90733379477
5.69305054676
5.78703563897
5.03515490129
3.68803524628
4.87851308094
5.78703563897
4.62788616838
6.0689909156
6.10031927967
6.57024474072
4.25194579954
4.75319962466
4.59655780431
5.41109527013
4.65921453245
5.7557072749
5.94367745932
6.0689909156
5.4424236342
3.62537851814
5.50508036234
3.62537851814
5.84969236711
5.16046835757
4.72187126059
6.22563273595
4.5025727121
4.09530397919
4.72187126059
5.63039381862
3.56272179
5.06648326536
5.31711017792
6.03766255153
5.97500582339
6.66422983293
4.69054289652
3.84467706663
4.59655780431
4.43991598396
3.75069197442
6.16297600781
5.81836400304
4.1892890714
3.71936361035
3.62537851814
5.78703563897
3.81334870256
6.28828946409
4.06397561512
4.31460252768
3.96999052291
4.43991598396
4.56522944024
5.53640872641
3.96999052291
6.00633418746
4.8158563528
6.0689909156
3.62537851814
6.57024474072
4.25194579954
4.37725925582
6.13164764374
4.12663234326
6.19430437188
6.47625964851
4.25194579954
5.37976690606
4.37725925582
3.96999052291
6.63290146886
5.88102073118
5.00382653722
3.59405015407
6.57024474072
4.62788616838
4.78452798873
4.22061743547
4.1892890714
6.10031927967
5.81836400304
6.60157310479
5.19179672164
6.10031927967
6.35094619223
5.09781162943
5.53640872641
3.62537851814
5.97500582339
4.5025727121
4.40858761989
4.90984144501
5.37976690606
4.5025727121
5.66172218269
5.81836400304
5.94367745932
6.47625964851
4.47124434803
3.96999052291
4.69054289652
3.75069197442
5.1291399935
6.41360292037
5.97500582339
5.4424236342
6.10031927967
3.75069197442
6.47625964851
6.35094619223
3.62537851814
6.3822745563
5.41109527013
3.93866215884
4.72187126059
5.31711017792
5.7557072749
3.56272179
4.8158563528
3.56272179
5.56773709048
5.03515490129
5.34843854199
4.34593089175
3.96999052291
4.94116980908
6.47625964851
4.43991598396
3.65670688221
5.00382653722
6.28828946409
6.53891637665
6.66422983293
4.22061743547
3.56272179
5.47375199827
5.19179672164
3.78202033849
5.28578181385
6.63290146886
5.84969236711
5.88102073118
4.56522944024
6.22563273595
6.66422983293
6.63290146886
6.16297600781
4.62788616838
5.59906545455
5.31711017792
5.03515490129
6.0689909156
4.00131888698
5.37976690606
6.63290146886
4.84718471687
3.59405015407
5.69305054676
5.4424236342
5.66172218269
3.78202033849
4.12663234326
3.93866215884
6.13164764374
4.56522944024
6.60157310479
6.41360292037
4.90984144501
5.31711017792
4.37725925582
6.22563273595
6.35094619223
4.62788616838
6.41360292037
6.41360292037
4.06397561512
3.71936361035
6.0689909156
4.53390107617
5.28578181385
4.56522944024
4.03264725105
5.69305054676
4.53390107617
4.90984144501
5.00382653722
5.81836400304
5.53640872641
5.56773709048
5.41109527013
5.19179672164
5.66172218269
3.75069197442
4.40858761989
6.35094619223
4.78452798873
4.8158563528
5.03515490129
6.16297600781
5.69305054676
5.69305054676
4.8158563528
6.44493128444
5.56773709048
3.68803524628
4.47124434803
5.63039381862
3.68803524628
6.25696110002
6.44493128444
4.47124434803
5.84969236711
6.00633418746
5.19179672164
5.7557072749
6.66422983293
4.8158563528
6.03766255153
5.53640872641
5.97500582339
3.68803524628
4.94116980908
5.63039381862
5.7557072749
4.37725925582
6.0689909156
3.90733379477
4.8158563528
5.34843854199
4.43991598396
5.88102073118
4.97249817315
4.40858761989
4.90984144501
5.63039381862
3.68803524628
4.31460252768
5.78703563897
4.25194579954
5.47375199827
4.87851308094
6.19430437188
4.75319962466
5.34843854199
4.40858761989
6.44493128444
4.84718471687
5.56773709048
3.81334870256
5.22312508571
4.03264725105
3.75069197442
6.10031927967
4.75319962466
3.8760054307
4.84718471687
5.91234909525
5.53640872641
4.8158563528
4.78452798873
5.03515490129
5.66172218269
6.00633418746
4.62788616838
4.28327416361
5.7557072749
6.3822745563
6.53891637665
5.72437891083
4.69054289652
4.03264725105
6.47625964851
5.63039381862
5.97500582339
5.16046835757
5.88102073118
6.10031927967
5.16046835757
6.28828946409
6.19430437188
4.72187126059
6.57024474072
4.22061743547
4.56522944024
5.53640872641
5.69305054676
3.84467706663
3.81334870256
5.03515490129
4.43991598396
4.72187126059
3.62537851814
3.56272179
6.63290146886
4.09530397919
4.62788616838
4.09530397919
5.84969236711
5.28578181385
4.90984144501
4.53390107617
6.19430437188
6.66422983293
6.19430437188
3.59405015407
3.90733379477
6.44493128444
4.78452798873
6.47625964851
4.97249817315
4.37725925582
5.63039381862
6.53891637665
5.34843854199
5.22312508571
4.37725925582
4.90984144501
3.96999052291
4.28327416361
3.65670688221
5.06648326536
4.28327416361
4.03264725105
3.78202033849
4.69054289652
3.65670688221
4.59655780431
5.09781162943
5.09781162943
5.09781162943
6.35094619223
4.94116980908
6.50758801258
6.00633418746
4.15796070733
6.31961782816
6.13164764374
4.34593089175
3.84467706663
5.47375199827
4.22061743547
3.65670688221
3.68803524628
3.71936361035
4.65921453245
6.03766255153
6.35094619223
5.97500582339
5.81836400304
5.31711017792
5.97500582339
4.53390107617
4.78452798873
6.16297600781
5.34843854199
4.94116980908
4.28327416361
6.53891637665
4.43991598396
5.94367745932
6.13164764374
4.94116980908
4.25194579954
5.41109527013
5.72437891083
6.03766255153
5.69305054676
3.93866215884
5.25445344978
4.43991598396
6.60157310479
5.25445344978
4.1892890714
4.25194579954
6.60157310479
6.53891637665
4.47124434803
4.94116980908
5.47375199827
5.63039381862
4.59655780431
6.63290146886
4.78452798873
4.31460252768
3.84467706663
6.63290146886
3.93866215884
3.81334870256
6.13164764374
5.69305054676
5.88102073118
5.84969236711
4.84718471687
5.7557072749
3.62537851814
4.47124434803
4.75319962466
5.72437891083
4.84718471687
5.56773709048
6.66422983293
4.34593089175
5.7557072749
6.25696110002
4.12663234326
5.4424236342
3.78202033849
5.81836400304
4.03264725105
5.63039381862
5.63039381862
6.35094619223
4.62788616838
5.06648326536
4.22061743547
6.10031927967
5.22312508571
5.69305054676
3.78202033849
3.59405015407
3.84467706663
6.10031927967
6.41360292037
6.13164764374
5.56773709048
5.66172218269
5.50508036234
6.16297600781
3.84467706663
3.78202033849
4.12663234326
4.25194579954
4.97249817315
6.13164764374
3.96999052291
5.66172218269
5.7557072749
5.84969236711
6.60157310479
6.25696110002
5.16046835757
6.31961782816
4.90984144501
5.00382653722
5.97500582339
6.31961782816
6.00633418746
5.97500582339
6.10031927967
5.22312508571
6.63290146886
3.8760054307
4.34593089175
3.71936361035
4.69054289652
6.25696110002
6.16297600781
6.35094619223
6.57024474072
6.31961782816
5.91234909525
4.94116980908
5.4424236342
4.78452798873
4.94116980908
5.88102073118
4.53390107617
5.22312508571
4.56522944024
3.93866215884
6.57024474072
5.69305054676
5.91234909525
3.84467706663
6.25696110002
4.00131888698
5.7557072749
5.19179672164
4.94116980908
3.75069197442
5.63039381862
6.3822745563
6.10031927967
5.16046835757
5.06648326536
4.87851308094
4.59655780431
3.65670688221
5.88102073118
6.25696110002
5.25445344978
4.5025727121
5.00382653722
3.71936361035
6.50758801258
4.90984144501
5.56773709048
6.19430437188
5.34843854199
6.13164764374
6.31961782816
5.19179672164
5.66172218269
6.53891637665
6.03766255153
3.71936361035
3.71936361035
4.78452798873
5.81836400304
3.78202033849
6.0689909156
5.4424236342
6.22563273595
5.16046835757
5.28578181385
4.59655780431
5.4424236342
4.56522944024
5.31711017792
4.28327416361
4.09530397919
5.66172218269
4.72187126059
4.94116980908
4.37725925582
4.69054289652
3.68803524628
3.75069197442
4.06397561512
4.72187126059
6.35094619223
5.66172218269
4.43991598396
4.72187126059
5.56773709048
5.7557072749
6.47625964851
3.93866215884
4.87851308094
3.68803524628
4.69054289652
4.37725925582
6.0689909156
4.94116980908
5.1291399935
6.0689909156
5.88102073118
6.22563273595
4.97249817315
4.87851308094
5.41109527013
3.65670688221
5.91234909525
5.66172218269
5.31711017792
4.28327416361
6.63290146886
5.72437891083
6.0689909156
4.40858761989
5.31711017792
5.37976690606
6.3822745563
5.00382653722
4.03264725105
5.91234909525
5.94367745932
6.47625964851
3.62537851814
6.03766255153
5.91234909525
5.72437891083
6.13164764374
3.59405015407
6.22563273595
5.72437891083
4.62788616838
5.69305054676
4.65921453245
5.66172218269
6.16297600781
3.90733379477
5.22312508571
4.97249817315
5.94367745932
6.35094619223
5.37976690606
5.16046835757
4.75319962466
6.22563273595
4.00131888698
5.88102073118
3.71936361035
5.7557072749
4.90984144501
4.22061743547
5.19179672164
4.53390107617
5.37976690606
5.66172218269
5.31711017792
5.59906545455
6.3822745563
5.31711017792
5.69305054676
4.69054289652
6.0689909156
5.53640872641
3.68803524628
4.8158563528
5.4424236342
5.47375199827
6.41360292037
6.0689909156
4.22061743547
5.34843854199
4.97249817315
5.1291399935
5.19179672164
4.69054289652
5.88102073118
4.15796070733
5.78703563897
3.96999052291
4.09530397919
4.56522944024
6.13164764374
6.25696110002
3.93866215884
4.12663234326
6.44493128444
6.47625964851
6.16297600781
5.56773709048
5.78703563897
6.28828946409
3.96999052291
4.43991598396
4.1892890714
5.78703563897
6.00633418746
4.31460252768
6.13164764374
3.65670688221
6.28828946409
4.00131888698
6.66422983293
5.16046835757
5.41109527013
3.71936361035
4.69054289652
6.47625964851
5.56773709048
5.84969236711
5.97500582339
4.34593089175
5.94367745932
